shape_id,shape_pt_lat,shape_pt_lon,shape_pt_sequence,shape_dist_traveled
VNYoS,33.945257,-118.401559,1,
VNYoS,33.945040,-118.404084,2,
VNYoS,33.944775,-118.406889,3,
VNYoS,33.944744,-118.407706,4,
VNYoS,33.944697,-118.407958,5,
VNYoS,33.944562,-118.408121,6,
VNYoS,33.944223,-118.408172,7,
VNYoS,33.943789,-118.408027,8,
VNYoS,33.942921,-118.407973,9,
VNYoS,33.942691,-118.407895,10,
VNYoS,33.942548,-118.407691,11,
VNYoS,33.942562,-118.407414,12,
VNYoS,33.942702,-118.406398,13,
VNYoS,33.942892,-118.404025,14,
VNYoS,33.943197,-118.401469,15,
VNYoS,33.943470,-118.398679,16,
VNYoS,33.943916,-118.397527,17,
VNYoS,33.944270,-118.397094,18,
VNYoS,33.944443,-118.396531,19,
VNYoS,33.944543,-118.395750,20,
VNYoS,33.944437,-118.395312,21,
VNYoS,33.944164,-118.395202,22,
VNYoS,33.943945,-118.395348,23,
VNYoS,33.943830,-118.395666,24,
VNYoS,33.943913,-118.395890,25,
VNYoS,33.944113,-118.396025,26,
VNYoS,33.944936,-118.396075,27,
VNYoS,33.947011,-118.396096,28,
VNYoS,33.950182,-118.396086,29,
VNYoS,33.951194,-118.396086,30,
VNYoS,33.952223,-118.396088,31,
VNYoS,33.959687,-118.396114,32,
VNYoS,33.961711,-118.396102,33,
VNYoS,33.965450,-118.396053,34,
VNYoS,33.966424,-118.396005,35,
VNYoS,33.966900,-118.395957,36,
VNYoS,33.967855,-118.395815,37,
VNYoS,33.969387,-118.395442,38,
VNYoS,33.971609,-118.394857,39,
VNYoS,33.973910,-118.394203,40,
VNYoS,33.974544,-118.394001,41,
VNYoS,33.974712,-118.393834,42,
VNYoS,33.974822,-118.393564,43,
VNYoS,33.974844,-118.391886,44,
VNYoS,33.974845,-118.389654,45,
VNYoS,33.974880,-118.387427,46,
VNYoS,33.974965,-118.386088,47,
VNYoS,33.975130,-118.385440,48,
VNYoS,33.975175,-118.385461,49,
VNYoS,33.975394,-118.385278,50,
VNYoS,33.975674,-118.385203,51,
VNYoS,33.975966,-118.385280,52,
VNYoS,33.976181,-118.385481,53,
VNYoS,33.976287,-118.385690,54,
VNYoS,33.976926,-118.387249,55,
VNYoS,33.977227,-118.388017,56,
VNYoS,33.977828,-118.389465,57,
VNYoS,33.978208,-118.390479,58,
VNYoS,33.978811,-118.391571,59,
VNYoS,33.979308,-118.392230,60,
VNYoS,33.979953,-118.392863,61,
VNYoS,33.982073,-118.394551,62,
VNYoS,33.992313,-118.402556,63,
VNYoS,34.008733,-118.415549,64,
VNYoS,34.024430,-118.427924,65,
VNYoS,34.030852,-118.433127,66,
VNYoS,34.031749,-118.433881,67,
VNYoS,34.032332,-118.434524,68,
VNYoS,34.032829,-118.435218,69,
VNYoS,34.033492,-118.436157,70,
VNYoS,34.034838,-118.437462,71,
VNYoS,34.035771,-118.438043,72,
VNYoS,34.036797,-118.438526,73,
VNYoS,34.038325,-118.439289,74,
VNYoS,34.039322,-118.440000,75,
VNYoS,34.040423,-118.440964,76,
VNYoS,34.048399,-118.447810,77,
VNYoS,34.049017,-118.448233,78,
VNYoS,34.050077,-118.448797,79,
VNYoS,34.052295,-118.449563,80,
VNYoS,34.052936,-118.449840,81,
VNYoS,34.054031,-118.450599,82,
VNYoS,34.060044,-118.455408,83,
VNYoS,34.067196,-118.461612,84,
VNYoS,34.071404,-118.465430,85,
VNYoS,34.077199,-118.470013,86,
VNYoS,34.077653,-118.470387,87,
VNYoS,34.078714,-118.471324,88,
VNYoS,34.079751,-118.472342,89,
VNYoS,34.080073,-118.472629,90,
VNYoS,34.081211,-118.473469,91,
VNYoS,34.082364,-118.474083,92,
VNYoS,34.084041,-118.474631,93,
VNYoS,34.084921,-118.474767,94,
VNYoS,34.094267,-118.476076,95,
VNYoS,34.095104,-118.476257,96,
VNYoS,34.095646,-118.476477,97,
VNYoS,34.096205,-118.476847,98,
VNYoS,34.095623,-118.476469,99,
VNYoS,34.096348,-118.476874,100,
VNYoS,34.097491,-118.477535,101,
VNYoS,34.098107,-118.477808,102,
VNYoS,34.098871,-118.477991,103,
VNYoS,34.099590,-118.478032,104,
VNYoS,34.100367,-118.477934,105,
VNYoS,34.100988,-118.477755,106,
VNYoS,34.101691,-118.477540,107,
VNYoS,34.102515,-118.477342,108,
VNYoS,34.103220,-118.477299,109,
VNYoS,34.103730,-118.477360,110,
VNYoS,34.104388,-118.477520,111,
VNYoS,34.104948,-118.477748,112,
VNYoS,34.105512,-118.478063,113,
VNYoS,34.106044,-118.478448,114,
VNYoS,34.109217,-118.480771,115,
VNYoS,34.110407,-118.481555,116,
VNYoS,34.111388,-118.481982,117,
VNYoS,34.112458,-118.482131,118,
VNYoS,34.113111,-118.482092,119,
VNYoS,34.117278,-118.481798,120,
VNYoS,34.117844,-118.481736,121,
VNYoS,34.118402,-118.481596,122,
VNYoS,34.119035,-118.481334,123,
VNYoS,34.119631,-118.480977,124,
VNYoS,34.120111,-118.480575,125,
VNYoS,34.123016,-118.478204,126,
VNYoS,34.126766,-118.475144,127,
VNYoS,34.127362,-118.474729,128,
VNYoS,34.127956,-118.474399,129,
VNYoS,34.128566,-118.474128,130,
VNYoS,34.129014,-118.473966,131,
VNYoS,34.136333,-118.471596,132,
VNYoS,34.137315,-118.471313,133,
VNYoS,34.137988,-118.471202,134,
VNYoS,34.138670,-118.471146,135,
VNYoS,34.139188,-118.471143,136,
VNYoS,34.139846,-118.471186,137,
VNYoS,34.140710,-118.471301,138,
VNYoS,34.142022,-118.471411,139,
VNYoS,34.142909,-118.471383,140,
VNYoS,34.143847,-118.471266,141,
VNYoS,34.144874,-118.471021,142,
VNYoS,34.146108,-118.470541,143,
VNYoS,34.147165,-118.470002,144,
VNYoS,34.147993,-118.469602,145,
VNYoS,34.149137,-118.468982,146,
VNYoS,34.150410,-118.468404,147,
VNYoS,34.15106,-118.4681760,148,
VNYoS,34.151778,-118.468011,149,
VNYoS,34.152744,-118.467955,150,
VNYoS,34.153507,-118.467965,151,
VNYoS,34.154220,-118.468059,152,
VNYoS,34.156276,-118.468675,153,
VNYoS,34.157654,-118.469199,154,
VNYoS,34.158777,-118.469418,155,
VNYoS,34.159348,-118.469467,156,
VNYoS,34.160193,-118.469478,157,
VNYoS,34.161568,-118.469513,158,
VNYoS,34.165318,-118.469571,159,
VNYoS,34.166072,-118.469502,160,
VNYoS,34.166650,-118.469364,161,
VNYoS,34.167155,-118.469176,162,
VNYoS,34.167636,-118.468936,163,
VNYoS,34.168341,-118.468533,164,
VNYoS,34.169064,-118.468119,165,
VNYoS,34.169870,-118.467796,166,
VNYoS,34.175184,-118.467789,167,
VNYoS,34.176014,-118.467961,168,
VNYoS,34.176744,-118.468193,169,
VNYoS,34.177945,-118.468760,170,
VNYoS,34.179991,-118.470186,171,
VNYoS,34.183700,-118.472835,172,
VNYoS,34.184345,-118.473304,173,
VNYoS,34.185267,-118.473758,174,
VNYoS,34.186171,-118.474034,175,
VNYoS,34.187371,-118.474167,176,
VNYoS,34.196114,-118.474307,177,
VNYoS,34.196758,-118.474288,178,
VNYoS,34.197461,-118.474214,179,
VNYoS,34.200231,-118.473482,180,
VNYoS,34.201110,-118.473281,181,
VNYoS,34.202206,-118.473057,182,
VNYoS,34.202468,-118.472829,183,
VNYoS,34.202454,-118.472492,184,
VNYoS,34.202247,-118.472274,185,
VNYoS,34.201936,-118.472303,186,
VNYoS,34.201378,-118.472471,187,
VNYoS,34.201285,-118.472563,188,
VNYoS,34.201278,-118.474760,189,
VNYoS,34.201268,-118.479192,190,
VNYoS,34.201274,-118.483480,191,
VNYoS,34.201411,-118.483614,192,
VNYoS,34.208322,-118.483611,193,
VNYoS,34.208871,-118.483587,194,
VNYoS,34.208877,-118.483303,195,
VNYoS,34.208877,-118.483303,196,
VNYoS,34.208800,-118.483230,197,
VNYoS,34.208809,-118.483031,198,
VNYoS,34.208922,-118.483002,199,
VNYoS,34.209218,-118.483242,200,

VNYiS,34.209218,-118.483242,1,
VNYiS,34.208414,-118.482834,2,
VNYiS,34.208451,-118.474932,3,
VNYiS,34.202650,-118.474930,4,
VNYiS,34.202660,-118.474470,5,
VNYiS,34.202410,-118.473920,6,
VNYiS,34.201690,-118.473670,7,
VNYiS,34.200850,-118.473670,8,
VNYiS,34.197980,-118.474310,9,
VNYiS,34.197023,-118.474438,10,
VNYiS,34.196082,-118.474436,11,
VNYiS,34.194888,-118.474382,12,
VNYiS,34.191564,-118.47433,13,
VNYiS,34.191191,-118.474283,14,
VNYiS,34.187602,-118.474224,15,
VNYiS,34.186472,-118.474152,16,
VNYiS,34.185648,-118.473956,17,
VNYiS,34.184701,-118.473565,18,
VNYiS,34.183730,-118.472962,19,
VNYiS,34.182942,-118.472388,20,
VNYiS,34.178740,-118.469330,21,
VNYiS,34.177430,-118.468534,22,
VNYiS,34.176113,-118.468045,23,
VNYiS,34.174894,-118.467795,24,
VNYiS,34.173856,-118.467731,25,
VNYiS,34.171323,-118.467673,26,
VNYiS,34.170482,-118.467718,27,
VNYiS,34.169730,-118.467894,28,
VNYiS,34.169150,-118.468128,29,
VNYiS,34.168561,-118.468464,30,
VNYiS,34.167685,-118.468998,31,
VNYiS,34.166986,-118.469331,32,
VNYiS,34.166340,-118.469531,33,
VNYiS,34.165741,-118.469630,34,
VNYiS,34.165202,-118.469654,35,
VNYiS,34.164532,-118.469632,36,
VNYiS,34.162058,-118.469574,37,
VNYiS,34.159449,-118.469514,38,
VNYiS,34.158817,-118.469473,39,
VNYiS,34.157814,-118.469287,40,
VNYiS,34.156792,-118.468949,41,
VNYiS,34.155160,-118.468360,42,
VNYiS,34.154108,-118.468124,43,
VNYiS,34.152862,-118.468040,44,
VNYiS,34.151826,-118.468134,45,
VNYiS,34.150842,-118.468351,46,
VNYiS,34.149764,-118.468764,47,
VNYiS,34.148745,-118.469286,48,
VNYiS,34.146281,-118.470534,49,
VNYiS,34.145550,-118.470857,50,
VNYiS,34.144340,-118.471220,51,
VNYiS,34.143440,-118.471386,52,
VNYiS,34.142173,-118.471464,53,
VNYiS,34.141057,-118.471391,54,
VNYiS,34.140047,-118.471257,55,
VNYiS,34.138829,-118.471183,56,
VNYiS,34.137242,-118.471379,57,
VNYiS,34.136186,-118.471701,58,
VNYiS,34.130567,-118.473509,59,
VNYiS,34.131098,-118.473315,60,
VNYiS,34.128985,-118.474024,61,
VNYiS,34.128040,-118.474426,62,
VNYiS,34.126664,-118.475283,63,
VNYiS,34.124561,-118.476996,64,
VNYiS,34.121226,-118.479673,65,
VNYiS,34.120315,-118.48047,66,
VNYiS,34.119677,-118.480998,67,
VNYiS,34.119044,-118.481396,68,
VNYiS,34.118388,-118.481669,69,
VNYiS,34.117682,-118.481828,70,
VNYiS,34.116659,-118.481909,71,
VNYiS,34.112696,-118.482178,72,
VNYiS,34.112037,-118.482159,73,
VNYiS,34.111263,-118.481994,74,
VNYiS,34.110706,-118.481761,75,
VNYiS,34.110127,-118.481432,76,
VNYiS,34.108552,-118.480339,77,
VNYiS,34.105678,-118.478213,78,
VNYiS,34.105035,-118.477829,79,
VNYiS,34.104435,-118.477574,80,
VNYiS,34.103547,-118.477379,81,
VNYiS,34.102879,-118.477362,82,
VNYiS,34.102018,-118.477489,83,
VNYiS,34.100963,-118.47781,84,
VNYiS,34.099912,-118.478078,85,
VNYiS,34.099161,-118.478086,86,
VNYiS,34.098399,-118.477971,87,
VNYiS,34.097731,-118.477727,88,
VNYiS,34.096927,-118.477292,89,
VNYiS,34.096591,-118.477094,90,
VNYiS,34.095669,-118.476533,91,
VNYiS,34.094932,-118.476259,92,
VNYiS,34.093897,-118.476082,93,
VNYiS,34.085011,-118.474845,94,
VNYiS,34.083008,-118.474411,95,
VNYiS,34.081666,-118.473819,96,
VNYiS,34.080499,-118.473051,97,
VNYiS,34.079369,-118.472052,98,
VNYiS,34.077792,-118.470554,99,
VNYiS,34.073171,-118.466916,100,
VNYiS,34.070727,-118.464907,101,
VNYiS,34.059355,-118.455027,102,
VNYiS,34.054162,-118.450744,103,
VNYiS,34.053274,-118.450119,104,
VNYiS,34.052151,-118.449569,105,
VNYiS,34.050869,-118.449156,106,
VNYiS,34.049777,-118.448732,107,
VNYiS,34.048741,-118.448126,108,
VNYiS,34.047876,-118.44745,109,
VNYiS,34.039572,-118.440283,110,
VNYiS,34.038563,-118.439502,111,
VNYiS,34.037263,-118.438801,112,
VNYiS,34.035747,-118.438097,113,
VNYiS,34.034730,-118.437461,114,
VNYiS,34.033644,-118.436455,115,
VNYiS,34.032770,-118.435277,116,
VNYiS,34.032038,-118.434284,117,
VNYiS,34.031161,-118.433463,118,
VNYiS,34.029501,-118.432149,119,
VNYiS,34.016459,-118.421889,120,
VNYiS,34.009745,-118.416568,121,
VNYiS,33.998830,-118.407918,122,
VNYiS,33.989116,-118.400197,123,
VNYiS,33.980581,-118.393418,124,
VNYiS,33.979430,-118.39271,125,
VNYiS,33.978619,-118.391805,126,
VNYiS,33.978047,-118.390956,127,
VNYiS,33.977533,-118.390182,128,
VNYiS,33.976919,-118.389805,129,
VNYiS,33.976163,-118.3896,130,
VNYiS,33.975193,-118.389578,131,
VNYiS,33.975026,-118.389723,132,
VNYiS,33.975053,-118.393293,133,
VNYiS,33.975015,-118.393792,134,
VNYiS,33.974984,-118.394048,135,
VNYiS,33.974839,-118.39416,136,
VNYiS,33.973459,-118.394539,137,
VNYiS,33.971856,-118.394993,138,
VNYiS,33.967900,-118.396001,139,
VNYiS,33.967157,-118.396127,140,
VNYiS,33.965431,-118.396254,141,
VNYiS,33.963661,-118.396273,142,
VNYiS,33.960095,-118.396335,143,
VNYiS,33.959708,-118.396339,144,
VNYiS,33.953152,-118.396327,145,
VNYiS,33.952795,-118.396379,146,
VNYiS,33.952435,-118.396477,147,
VNYiS,33.951995,-118.396515,148,
VNYiS,33.951450,-118.396419,149,
VNYiS,33.951010,-118.396403,150,
VNYiS,33.950298,-118.39647,151,
VNYiS,33.949999,-118.396595,152,
VNYiS,33.949647,-118.3969,153,
VNYiS,33.949391,-118.397334,154,
VNYiS,33.949089,-118.398326,155,
VNYiS,33.948934,-118.399048,156,
VNYiS,33.948761,-118.399359,157,
VNYiS,33.948523,-118.39954,158,
VNYiS,33.948300,-118.399625,159,
VNYiS,33.947645,-118.399668,160,
VNYiS,33.945804,-118.399658,161,
VNYiS,33.945456,-118.399514,162,
VNYiS,33.945610,-118.40068,163,
VNYiS,33.945176,-118.403982,164,
VNYiS,33.944842,-118.407115,165,
VNYiS,33.944775,-118.40767,166,
VNYiS,33.944753,-118.407923,167,
VNYiS,33.944608,-118.408175,168,
VNYiS,33.944268,-118.408279,169,
VNYiS,33.943987,-118.408226,170,
VNYiS,33.942939,-118.40807,171,
VNYiS,33.942695,-118.408022,172,
VNYiS,33.942450,-118.407756,173,
VNYiS,33.942437,-118.407394,174,
VNYiS,33.942465,-118.407061,175,
VNYiS,33.942684,-118.404658,176,
VNYiS,33.942962,-118.402125,177,
VNYiS,33.943258,-118.399336,178,

USToS,33.945257,-118.401559,1,
USToS,33.945040,-118.404084,2,
USToS,33.944775,-118.406889,3,
USToS,33.944744,-118.407706,4,
USToS,33.944697,-118.407958,5,
USToS,33.944562,-118.408121,6,
USToS,33.944223,-118.408172,7,
USToS,33.943789,-118.408027,8,
USToS,33.942921,-118.407973,9,
USToS,33.942691,-118.407895,10,
USToS,33.942548,-118.407691,11,
USToS,33.942562,-118.407414,12,
USToS,33.942702,-118.406398,13,
USToS,33.942892,-118.404025,14,
USToS,33.943197,-118.401469,15,
USToS,33.943470,-118.398679,16,
USToS,33.943916,-118.397527,17,
USToS,33.943904,-118.397494,18,
USToS,33.943903,-118.397267,19,
USToS,33.941941,-118.396421,20,
USToS,33.933571,-118.396351,21,
USToS,33.932411,-118.397921,22,
USToS,33.932037,-118.397923,23,
USToS,33.931903,-118.397966,24,
USToS,33.931563,-118.397847,25,
USToS,33.931438,-118.397689,26,
USToS,33.931389,-118.397164,27,
USToS,33.931431,-118.395888,28,
USToS,33.931435,-118.395246,29,
USToS,33.931419,-118.394225,30,
USToS,33.931389,-118.391493,31,
USToS,33.931101,-118.386427,32,
USToS,33.931203,-118.382505,33,
USToS,33.931190,-118.381652,34,
USToS,33.931125,-118.38081,35,
USToS,33.931030,-118.380105,36,
USToS,33.930805,-118.379096,37,
USToS,33.930207,-118.376538,38,
USToS,33.930021,-118.375233,39,
USToS,33.929978,-118.373932,40,
USToS,33.930011,-118.372985,41,
USToS,33.930028,-118.37026,42,
USToS,33.930011,-118.369143,43,
USToS,33.930089,-118.367985,44,
USToS,33.930532,-118.366128,45,
USToS,33.930869,-118.364989,46,
USToS,33.932197,-118.360389,47,
USToS,33.932120,-118.360412,48,
USToS,33.932804,-118.358262,49,
USToS,33.933480,-118.354749,50,
USToS,33.933485,-118.353227,51,
USToS,33.933264,-118.351525,52,
USToS,33.932902,-118.350017,53,
USToS,33.932501,-118.348802,54,
USToS,33.931527,-118.346605,55,
USToS,33.930122,-118.344252,56,
USToS,33.927010,-118.339877,57,
USToS,33.926286,-118.338774,58,
USToS,33.925671,-118.337511,59,
USToS,33.925245,-118.336223,60,
USToS,33.924955,-118.334871,61,
USToS,33.924815,-118.333402,62,
USToS,33.924820,-118.332452,63,
USToS,33.924892,-118.330971,64,
USToS,33.925310,-118.323378,65,
USToS,33.925378,-118.322105,66,
USToS,33.925398,-118.320284,67,
USToS,33.925381,-118.31856,68,
USToS,33.925347,-118.314671,69,
USToS,33.925287,-118.31249,70,
USToS,33.925403,-118.31009,71,
USToS,33.925630,-118.308086,72,
USToS,33.926349,-118.304341,73,
USToS,33.926573,-118.30327,74,
USToS,33.928208,-118.296699,75,
USToS,33.928401,-118.295474,76,
USToS,33.928523,-118.294398,77,
USToS,33.928587,-118.293006,78,
USToS,33.928583,-118.29117,79,
USToS,33.928582,-118.290119,80,
USToS,33.928615,-118.288804,81,
USToS,33.928644,-118.283726,82,
USToS,33.928736,-118.282942,83,
USToS,33.928990,-118.282169,84,
USToS,33.929363,-118.281511,85,
USToS,33.929896,-118.280915,86,
USToS,33.930420,-118.280572,87,
USToS,33.930947,-118.28037,88,
USToS,33.931747,-118.280232,89,
USToS,33.932378,-118.280146,90,
USToS,33.934466,-118.280021,91,
USToS,33.936009,-118.27991,92,
USToS,33.937243,-118.279835,93,
USToS,33.938816,-118.279767,94,
USToS,33.943222,-118.279782,95,
USToS,33.944387,-118.279738,96,
USToS,33.946360,-118.279448,97,
USToS,33.947652,-118.279337,98,
USToS,33.948288,-118.279369,99,
USToS,33.948842,-118.279523,100,
USToS,33.949695,-118.279708,101,
USToS,33.953728,-118.280535,102,
USToS,33.955340,-118.280746,103,
USToS,33.956012,-118.280768,104,
USToS,33.960087,-118.280767,105,
USToS,33.961240,-118.28079,106,
USToS,33.963204,-118.280783,107,
USToS,33.965711,-118.280772,108,
USToS,33.977916,-118.280783,109,
USToS,33.980385,-118.280801,110,
USToS,33.981650,-118.280702,111,
USToS,33.983957,-118.280466,112,
USToS,33.986904,-118.280405,113,
USToS,33.989601,-118.280398,114,
USToS,33.991480,-118.280426,115,
USToS,33.993328,-118.2804,116,
USToS,33.995067,-118.280399,117,
USToS,33.996262,-118.280462,118,
USToS,33.997510,-118.280588,119,
USToS,33.998682,-118.28067,120,
USToS,34.000488,-118.280843,121,
USToS,34.001306,-118.280921,122,
USToS,34.003405,-118.281004,123,
USToS,34.005461,-118.28096,124,
USToS,34.010510,-118.28095,125,
USToS,34.012393,-118.280828,126,
USToS,34.013600,-118.280756,127,
USToS,34.014165,-118.280744,128,
USToS,34.014682,-118.28071,129,
USToS,34.015264,-118.280632,130,
USToS,34.015842,-118.2805,131,
USToS,34.016753,-118.280238,132,
USToS,34.017761,-118.279865,133,
USToS,34.018412,-118.279544,134,
USToS,34.019531,-118.2789,135,
USToS,34.021333,-118.27775,136,
USToS,34.021955,-118.27737,137,
USToS,34.022503,-118.277083,138,
USToS,34.023373,-118.276633,139,
USToS,34.024632,-118.276042,140,
USToS,34.026278,-118.275013,141,
USToS,34.026810,-118.274736,142,
USToS,34.027288,-118.274552,143,
USToS,34.028022,-118.274353,144,
USToS,34.028741,-118.274274,145,
USToS,34.029369,-118.274301,146,
USToS,34.030440,-118.274339,147,
USToS,34.032250,-118.274493,148,
USToS,34.033894,-118.274492,149,
USToS,34.034696,-118.274406,150,
USToS,34.039158,-118.273789,151,
USToS,34.040523,-118.27359,152,
USToS,34.041301,-118.273417,153,
USToS,34.041997,-118.27318,154,
USToS,34.042658,-118.272876,155,
USToS,34.043271,-118.272515,156,
USToS,34.043832,-118.272074,157,
USToS,34.044356,-118.271631,158,
USToS,34.044887,-118.271133,159,
USToS,34.045268,-118.270652,160,
USToS,34.045658,-118.27013,161,
USToS,34.046050,-118.269509,162,
USToS,34.049274,-118.264236,163,
USToS,34.050612,-118.261942,164,
USToS,34.052057,-118.259605,165,
USToS,34.053232,-118.25844,166,
USToS,34.054078,-118.257721,167,
USToS,34.055139,-118.25669,168,
USToS,34.057101,-118.25481,169,
USToS,34.058028,-118.253864,170,
USToS,34.059420,-118.252358,171,
USToS,34.060082,-118.251527,172,
USToS,34.060801,-118.250504,173,
USToS,34.061174,-118.249961,174,
USToS,34.061350,-118.24963,175,
USToS,34.061437,-118.249306,176,
USToS,34.061436,-118.248987,177,
USToS,34.061350,-118.248687,178,
USToS,34.061202,-118.248425,179,
USToS,34.060962,-118.248144,180,
USToS,34.060083,-118.24723,181,
USToS,34.059762,-118.24684,182,
USToS,34.059535,-118.246452,183,
USToS,34.059340,-118.246094,184,
USToS,34.058811,-118.245363,185,
USToS,34.057626,-118.243759,186,
USToS,34.055800,-118.240806,187,
USToS,34.055302,-118.239997,188,
USToS,34.053934,-118.237734,189,
USToS,34.053561,-118.235518,190,
USToS,34.053498,-118.234535,191,
USToS,34.053458,-118.234287,192,
USToS,34.053362,-118.234144,193,
USToS,34.053265,-118.234072,194,
USToS,34.053165,-118.234064,195,
USToS,34.052966,-118.233961,196,
USToS,34.052864,-118.233179,197,
USToS,34.052651,-118.231544,198,
USToS,34.052678,-118.231427,199,
USToS,34.052769,-118.231385,200,
USToS,34.053104,-118.231397,201,
USToS,34.053964,-118.231246,202,
USToS,34.054245,-118.231223,203,
USToS,34.054476,-118.231311,204,
USToS,34.054626,-118.231467,205,
USToS,34.055008,-118.231959,206,
USToS,34.055061,-118.232073,207,
USToS,34.055201,-118.232396,208,
USToS,34.055322,-118.232964,209,
USToS,34.055229,-118.233062,210,
USToS,34.054773,-118.233151,211,

USTiS,34.054773,-118.233151,1,
USTiS,34.054773,-118.233151,2,
USTiS,34.054656,-118.233186,3,
USTiS,34.054682,-118.233417,4,
USTiS,34.055927,-118.233137,5,
USTiS,34.055944,-118.233018,6,
USTiS,34.055809,-118.232916,7,
USTiS,34.055272,-118.233014,8,
USTiS,34.055131,-118.232858,9,
USTiS,34.055068,-118.232469,10,
USTiS,34.054972,-118.232369,11,
USTiS,34.054755,-118.232398,12,
USTiS,34.054184,-118.232465,13,
USTiS,34.053942,-118.232528,14,
USTiS,34.053847,-118.232653,15,
USTiS,34.053818,-118.232807,16,
USTiS,34.053911,-118.233977,17,
USTiS,34.054002,-118.234875,18,
USTiS,34.053964,-118.235618,19,
USTiS,34.053917,-118.236139,20,
USTiS,34.053935,-118.236705,21,
USTiS,34.054053,-118.237258,22,
USTiS,34.054406,-118.238087,23,
USTiS,34.056073,-118.240765,24,
USTiS,34.057991,-118.243791,25,
USTiS,34.058945,-118.245013,26,
USTiS,34.059729,-118.245836,27,
USTiS,34.061367,-118.247191,28,
USTiS,34.062390,-118.248171,29,
USTiS,34.062523,-118.248359,30,
USTiS,34.062654,-118.248761,31,
USTiS,34.062636,-118.249004,32,
USTiS,34.062569,-118.249341,33,
USTiS,34.062395,-118.249636,34,
USTiS,34.061853,-118.25012,35,
USTiS,34.061261,-118.25067,36,
USTiS,34.059395,-118.252886,37,
USTiS,34.058394,-118.254028,38,
USTiS,34.058312,-118.253935,39,
USTiS,34.055582,-118.256569,40,
USTiS,34.051563,-118.260684,41,
USTiS,34.049751,-118.26382,42,
USTiS,34.046126,-118.269776,43,
USTiS,34.045656,-118.270483,44,
USTiS,34.045104,-118.271155,45,
USTiS,34.044427,-118.271865,46,
USTiS,34.043510,-118.272556,47,
USTiS,34.042428,-118.273183,48,
USTiS,34.041379,-118.273621,49,
USTiS,34.043116,-118.272772,50,
USTiS,34.042350,-118.273187,51,
USTiS,34.041601,-118.273476,52,
USTiS,34.040868,-118.273668,53,
USTiS,34.039847,-118.273826,54,
USTiS,34.034935,-118.274543,55,
USTiS,34.033845,-118.274665,56,
USTiS,34.033217,-118.274681,57,
USTiS,34.031208,-118.274561,58,
USTiS,34.029287,-118.274425,59,
USTiS,34.028573,-118.274427,60,
USTiS,34.027803,-118.274514,61,
USTiS,34.027009,-118.274797,62,
USTiS,34.026296,-118.275182,63,
USTiS,34.023057,-118.277274,64,
USTiS,34.021613,-118.278016,65,
USTiS,34.020395,-118.278768,66,
USTiS,34.018997,-118.279692,67,
USTiS,34.017977,-118.280261,68,
USTiS,34.016201,-118.280854,69,
USTiS,34.015194,-118.281084,70,
USTiS,34.014413,-118.281161,71,
USTiS,34.013862,-118.281145,72,
USTiS,34.012662,-118.281204,73,
USTiS,34.012028,-118.281208,74,
USTiS,34.010527,-118.28113,75,
USTiS,34.009766,-118.281079,76,
USTiS,34.005728,-118.28105,77,
USTiS,34.004834,-118.281066,78,
USTiS,34.002431,-118.281068,79,
USTiS,34.000986,-118.28097,80,
USTiS,33.999888,-118.280871,81,
USTiS,33.996192,-118.280551,82,
USTiS,33.994904,-118.280477,83,
USTiS,33.993695,-118.280473,84,
USTiS,33.993206,-118.2805,85,
USTiS,33.990900,-118.280637,86,
USTiS,33.990407,-118.280661,87,
USTiS,33.987827,-118.280669,88,
USTiS,33.985345,-118.280628,89,
USTiS,33.984493,-118.2806,90,
USTiS,33.983693,-118.280616,91,
USTiS,33.981201,-118.280869,92,
USTiS,33.980364,-118.280922,93,
USTiS,33.979728,-118.280924,94,
USTiS,33.978177,-118.28091,95,
USTiS,33.975479,-118.280898,96,
USTiS,33.970258,-118.28089,97,
USTiS,33.969956,-118.280899,98,
USTiS,33.965638,-118.280919,99,
USTiS,33.963206,-118.28096,100,
USTiS,33.960894,-118.280989,101,
USTiS,33.956488,-118.280922,102,
USTiS,33.956052,-118.280946,103,
USTiS,33.955054,-118.280881,104,
USTiS,33.953724,-118.280632,105,
USTiS,33.952686,-118.280442,106,
USTiS,33.951936,-118.280296,107,
USTiS,33.948895,-118.279651,108,
USTiS,33.947950,-118.279542,109,
USTiS,33.947044,-118.27957,110,
USTiS,33.945853,-118.279692,111,
USTiS,33.944388,-118.279938,112,
USTiS,33.943836,-118.279989,113,
USTiS,33.942425,-118.279983,114,
USTiS,33.940791,-118.279977,115,
USTiS,33.938579,-118.279957,116,
USTiS,33.937442,-118.279986,117,
USTiS,33.936021,-118.280081,118,
USTiS,33.935739,-118.280093,119,
USTiS,33.933799,-118.280179,120,
USTiS,33.932254,-118.280286,121,
USTiS,33.931480,-118.280374,122,
USTiS,33.930849,-118.280498,123,
USTiS,33.930325,-118.280724,124,
USTiS,33.929841,-118.281074,125,
USTiS,33.929464,-118.281515,126,
USTiS,33.928844,-118.282947,127,
USTiS,33.928779,-118.283417,128,
USTiS,33.928774,-118.286574,129,
USTiS,33.928821,-118.288174,130,
USTiS,33.928821,-118.290664,131,
USTiS,33.928844,-118.292774,132,
USTiS,33.928721,-118.294848,133,
USTiS,33.928599,-118.295645,134,
USTiS,33.928445,-118.296478,135,
USTiS,33.928260,-118.297316,136,
USTiS,33.928076,-118.298133,137,
USTiS,33.927674,-118.29995,138,
USTiS,33.926643,-118.304644,139,
USTiS,33.925842,-118.308503,140,
USTiS,33.925544,-118.311423,141,
USTiS,33.925527,-118.314041,142,
USTiS,33.925588,-118.320899,143,
USTiS,33.925553,-118.322411,144,
USTiS,33.925467,-118.324138,145,
USTiS,33.925372,-118.3259,146,
USTiS,33.925073,-118.331194,147,
USTiS,33.924997,-118.332984,148,
USTiS,33.925075,-118.334368,149,
USTiS,33.925349,-118.335843,150,
USTiS,33.925891,-118.337491,151,
USTiS,33.926610,-118.338908,152,
USTiS,33.930775,-118.344798,153,
USTiS,33.931666,-118.346369,154,
USTiS,33.933120,-118.349905,155,
USTiS,33.933526,-118.351581,156,
USTiS,33.933733,-118.353217,157,
USTiS,33.933751,-118.354482,158,
USTiS,33.933668,-118.355561,159,
USTiS,33.933461,-118.356681,160,
USTiS,33.933119,-118.357894,161,
USTiS,33.932672,-118.359392,162,
USTiS,33.931023,-118.365043,163,
USTiS,33.930265,-118.368324,164,
USTiS,33.930267,-118.369936,165,
USTiS,33.930298,-118.373715,166,
USTiS,33.930359,-118.376036,167,
USTiS,33.930794,-118.378027,168,
USTiS,33.931182,-118.379896,169,
USTiS,33.931397,-118.381681,170,
USTiS,33.931444,-118.380958,171,
USTiS,33.931493,-118.381874,172,
USTiS,33.931496,-118.382412,173,
USTiS,33.931406,-118.383972,174,
USTiS,33.931349,-118.384975,175,
USTiS,33.931322,-118.385825,176,
USTiS,33.931331,-118.386391,177,
USTiS,33.931357,-118.386873,178,
USTiS,33.931448,-118.388046,179,
USTiS,33.931497,-118.388858,180,
USTiS,33.931585,-118.390071,181,
USTiS,33.931621,-118.390612,182,
USTiS,33.931673,-118.391156,183,
USTiS,33.931753,-118.391695,184,
USTiS,33.931827,-118.392257,185,
USTiS,33.931883,-118.393273,186,
USTiS,33.931877,-118.393651,187,
USTiS,33.931872,-118.394533,188,
USTiS,33.931911,-118.394874,189,
USTiS,33.931948,-118.395029,190,
USTiS,33.932021,-118.395227,191,
USTiS,33.932142,-118.395458,192,
USTiS,33.932481,-118.395649,193,
USTiS,33.932693,-118.395991,194,
USTiS,33.932836,-118.396074,195,
USTiS,33.933065,-118.396086,196,
USTiS,33.934548,-118.396081,197,
USTiS,33.940752,-118.396093,198,
USTiS,33.941013,-118.396094,199,
USTiS,33.941738,-118.396024,200,
USTiS,33.942042,-118.395992,201,
USTiS,33.942231,-118.395974,202,
USTiS,33.942432,-118.395976,203,
USTiS,33.943123,-118.395979,204,
USTiS,33.943276,-118.395945,205,
USTiS,33.943413,-118.395876,206,
USTiS,33.943546,-118.395755,207,
USTiS,33.943683,-118.39523,208,
USTiS,33.943867,-118.395005,209,
USTiS,33.944590,-118.394423,210,
USTiS,33.944906,-118.394332,211,
USTiS,33.945104,-118.394447,212,
USTiS,33.945220,-118.39471,213,
USTiS,33.945220,-118.394954,214,
USTiS,33.945051,-118.396038,215,
USTiS,33.945107,-118.396553,216,
USTiS,33.945389,-118.397309,217,
USTiS,33.945456,-118.399514,218,
USTiS,33.945610,-118.40068,219,
USTiS,33.945176,-118.403982,220,
USTiS,33.944842,-118.407115,221,
USTiS,33.944775,-118.40767,222,
USTiS,33.944753,-118.407923,223,
USTiS,33.944608,-118.408175,224,
USTiS,33.944268,-118.408279,225,
USTiS,33.943987,-118.408226,226,
USTiS,33.942939,-118.40807,227,
USTiS,33.942695,-118.408022,228,
USTiS,33.942450,-118.407756,229,
USTiS,33.942437,-118.407394,230,
USTiS,33.942465,-118.407061,231,
USTiS,33.942684,-118.404658,232,
USTiS,33.942962,-118.402125,233,
USTiS,33.943258,-118.399336,234,

ESHTLoS,33.945406,-118.400846,1,
ESHTLoS,33.945181,-118.403266,2,
ESHTLoS,33.944693,-118.407924,3,
ESHTLoS,33.944744,-118.407706,4,
ESHTLoS,33.944697,-118.407958,5,
ESHTLoS,33.944562,-118.408121,6,
ESHTLoS,33.944223,-118.408172,7,
ESHTLoS,33.942625,-118.40771,8,
ESHTLoS,33.942921,-118.407973,9,
ESHTLoS,33.942691,-118.407895,10,
ESHTLoS,33.942548,-118.407691,11,
ESHTLoS,33.942562,-118.407414,12,
ESHTLoS,33.942767,-118.405062,13,
ESHTLoS,33.942985,-118.403104,14,
ESHTLoS,33.943225,-118.400791,15,
ESHTLoS,33.943251,-118.40052,16,
ESHTLoS,33.943916,-118.397527,17,
ESHTLoS,33.94427,-118.397094,18,
ESHTLoS,33.944443,-118.396531,19,
ESHTLoS,33.944686,-118.394862,20,
ESHTLoS,33.944886,-118.394262,21,
ESHTLoS,33.945171,-118.393625,22,
ESHTLoS,33.945308,-118.393181,23,
ESHTLoS,33.945399,-118.392682,24,
ESHTLoS,33.945412,-118.392096,25,
ESHTLoS,33.945449,-118.390291,26,
ESHTLoS,33.945474,-118.387398,27,
ESHTLoS,33.945499,-118.386295,28,
ESHTLoS,33.945621,-118.38605,29,
ESHTLoS,33.945756,-118.386018,30,
ESHTLoS,33.94724,-118.385937,31,
ESHTLoS,33.94884,-118.385909,32,
ESHTLoS,33.949295,-118.385929,33,
ESHTLoS,33.949448,-118.385933,34,
ESHTLoS,33.949483,-118.386101,35,
ESHTLoS,33.949422,-118.38657,36,
ESHTLoS,33.94933,-118.386902,37,
ESHTLoS,33.949078,-118.387539,38,
ESHTLoS,33.948965,-118.387934,39,
ESHTLoS,33.948904,-118.388421,40,
ESHTLoS,33.948941,-118.389098,41,
ESHTLoS,33.94894,-118.390948,42,
ESHTLoS,33.948984,-118.391103,43,
ESHTLoS,33.949085,-118.391156,44,
ESHTLoS,33.949072,-118.391491,45,
ESHTLoS,33.949128,-118.391711,46,
EShtLoS,33.934957,-118.375706,47,

EShtLiS,33.934957,-118.375706,1,
ESHTLiS,33.949128,-118.391711,2,
ESHTLiS,33.949067,-118.392199,3,
ESHTLiS,33.94905,-118.392495,4,
ESHTLiS,33.94901,-118.392662,5,
ESHTLiS,33.948938,-118.392678,6,
ESHTLiS,33.948923,-118.39288,7,
ESHTLiS,33.948935,-118.393747,8,
ESHTLiS,33.948946,-118.393824,9,
ESHTLiS,33.949058,-118.393865,10,
ESHTLiS,33.949355,-118.39396,11,
ESHTLiS,33.949591,-118.394177,12,
ESHTLiS,33.949725,-118.394404,13,
ESHTLiS,33.949785,-118.394616,14,
ESHTLiS,33.949811,-118.394885,15,
ESHTLiS,33.949239,-118.397448,16,
ESHTLiS,33.948889,-118.398944,17,
ESHTLiS,33.948809,-118.399198,18,
ESHTLiS,33.948653,-118.399402,19,
ESHTLiS,33.948461,-118.399551,20,
ESHTLiS,33.948205,-118.39963,21,
ESHTLiS,33.948021,-118.399672,22,
ESHTLiS,33.945804,-118.399658,23,
ESHTLiS,33.945614,-118.39977,24,
ESHTLiS,33.945587,-118.400118,25,
ESHTLiS,33.945576,-118.401309,26,
ESHTLiS,33.945236,-118.404543,27,
ESHTLiS,33.944942,-118.407374,28,
ESHTLiS,33.944821,-118.407983,29,
ESHTLiS,33.944733,-118.408143,30,
ESHTLiS,33.944561,-118.408289,31,
ESHTLiS,33.944359,-118.408298,32,
ESHTLiS,33.943213,-118.408172,33,
ESHTLiS,33.94287,-118.408091,34,
ESHTLiS,33.942708,-118.408035,35,
ESHTLiS,33.942537,-118.407867,36,
ESHTLiS,33.942456,-118.407524,37,
ESHTLiS,33.942486,-118.406383,38,
ESHTLiS,33.94278,-118.403387,39,
ESHTLiS,33.943109,-118.400277,40,
ESHTLiS,33.943309,-118.398217,41,

GSHTLoS,33.945406,-118.400846,1,
GSHTLoS,33.945181,-118.403266,2,
GSHTLoS,33.944693,-118.407924,3,
GSHTLoS,33.944744,-118.407706,4,
GSHTLoS,33.944697,-118.407958,5,
GSHTLoS,33.944562,-118.408121,6,
GSHTLoS,33.944223,-118.408172,7,
GSHTLoS,33.942625,-118.40771,8,
GSHTLoS,33.942921,-118.407973,9,
GSHTLoS,33.942691,-118.407895,10,
GSHTLoS,33.942548,-118.407691,11,
GSHTLoS,33.942562,-118.407414,12,
GSHTLoS,33.942767,-118.405062,13,
GSHTLoS,33.942985,-118.403104,14,
GSHTLoS,33.943225,-118.400791,15,
GSHTLoS,33.943251,-118.40052,16,
GSHTLoS,33.943916,-118.397527,17,
GSHTLoS,33.94427,-118.397094,18,
GSHTLoS,33.944443,-118.396531,19,
GSHTLoS,33.944686,-118.394862,20,
GSHTLoS,33.944886,-118.394262,21,
GSHTLoS,33.945171,-118.393625,22,
GSHTLoS,33.945308,-118.393181,23,
GSHTLoS,33.945399,-118.392682,24,
GSHTLoS,33.945412,-118.392096,25,
GSHTLoS,33.945449,-118.390291,26,
GSHTLoS,33.945403,-118.386291,27,
GSHTLoS,33.945388,-118.38172,28,
GSHTLoS,33.945396,-118.37874,29,
GSHTLoS,33.945363,-118.378569,30,
GSHTLoS,33.945209,-118.378568,31,
GSHTLoS,33.942174,-118.378556,32,
GSHTLoS,33.934694,-118.378557,33,
GSHTLoS,33.931165,-118.378536,34,
GSHTLoS,33.929855,-118.37841,35,
GSHTLoS,33.929797,-118.378154,36,
GSHTLoS,33.92976,-118.377279,37,

GSHTLiS,33.92976,-118.377279,1,
GSHTLiS,33.929848,-118.377753,2,
GSHTLiS,33.929892,-118.378387,3,
GSHTLiS,33.930724,-118.378408,4,
GSHTLiS,33.932006,-118.378404,5,
GSHTLiS,33.932583,-118.378447,6,
GSHTLiS,33.934389,-118.378451,7,
GSHTLiS,33.941873,-118.378453,8,
GSHTLiS,33.944282,-118.37845,9,
GSHTLiS,33.945284,-118.378473,10,
GSHTLiS,33.94561,-118.378557,11,
GSHTLiS,33.945587,-118.378765,12,
GSHTLiS,33.945585,-118.379847,13,
GSHTLiS,33.945558,-118.381418,14,
GSHTLiS,33.945598,-118.385862,15,
GSHTLiS,33.94563,-118.389912,16,
GSHTLiS,33.945612,-118.392528,17,
GSHTLiS,33.945543,-118.393311,18,
GSHTLiS,33.945432,-118.39487,19,
GSHTLiS,33.945431,-118.395629,20,
GSHTLiS,33.945561,-118.399531,21,
GSHTLiS,33.945587,-118.400118,22,
GSHTLiS,33.945576,-118.401309,23,
GSHTLiS,33.945236,-118.404543,24,
GSHTLiS,33.944942,-118.407374,25,
GSHTLiS,33.944821,-118.407983,26,
GSHTLiS,33.944733,-118.408143,27,
GSHTLiS,33.944561,-118.408289,28,
GSHTLiS,33.944359,-118.408298,29,
GSHTLiS,33.943213,-118.408172,30,
GSHTLiS,33.94287,-118.408091,31,
GSHTLiS,33.942708,-118.408035,32,
GSHTLiS,33.942537,-118.407867,33,
GSHTLiS,33.942456,-118.407524,34,
GSHTLiS,33.942486,-118.406383,35,
GSHTLiS,33.94278,-118.403387,36,
GSHTLiS,33.943109,-118.400277,37,
GSHTLiS,33.943309,-118.398217,38,
